240
668
869
716
1053
732
920
451
919
114
218
1678
925
205
524
1687
562
123
194
2145
982
295
892
245
133
214
2072
195
150
1857
2042
1023
137
113
1642
229
762
416
717
455
1186
839
665
1744
190
504
247
228
120
702
1640
825
415
555
1204
180
108
1069
850
296
549
2027
2184
452
153
101
765
985
3610
485
861
427
475
350
385
1342
311
1511
1496
1077
1117
1113
1350
1500
657
246
438
585
834
255
198
524
470
1584
1718
712
307
137
3202
201
1291
297
172
184
1121
227
117
667
715
750
147
1441
202
169
168
183
493
2920
544
2299
471
109
1984
396
196
634
254
167
206
1802
1394
322
280
583
344
400
111
628
2077
494
483
711
247
317
337
509
154
928
263
979
1544
901
183
109
448
310
1043
858
1191
406
1096
578
1018
249
634
5185
581
690
219
1261
134
162
637
396
1689
648
363
2540
480
313
1207
581
152
986
253
517
1764
1302
1145
108
282
1587
755
161
397
115
135
228
216
869
731
367
483
515
705
1610
329
126
1203
418
751
907
1291
669
192
439
901
118
972
998
804
1006
534
744
1412
107
153
